20528221
20542311
20542372
20542904
20546192
20571941
20578023
20581351
20583670
20629290
20630701
20674783
20694485
20698730
20726654
20726658
20729960
20731296
20732483
20742895
20749485
20754096
20754760
20755104
20758474
20762714
20769277
20769367
20769388
20769644
20769902
20771498
20813877
20816241
20868094
20892092
20971238
20982789
20983841
20985959
21014123
21014130
21078564
21078840
21092863
21099293
21099782
21100634
21112810
21119743
21120275
21120654
21127124
21140075
21145451
21148755
21148772
21149451
21152079
21152623
21157134
21303515
21305940
21315321
21327897
21350986
21352486
21352703
21359135
21375737
21375838
21375860
21382484
21419140
21476016
21478217
21526072
21552485
21552520
21565787
21577177
21578369
21599122
21692785
21694393
21702927
21708908
21751957
21752004
21761878
21779164
21779347
21786480
21822032
21866367
21869803
21876024
21878989
21885505
21901650
21908488
21925603
21933942
21933997
21938042
21948174
21949028
21963352
21984681
22005825
22005827
22195491
22196370
22197252
22257010
22279501
22279837
35979157
35979171
36107557
37473230
37537115
37545776
37577859
37801352
37815881
37816172
37827293
37828222
37937450
37957665
37973332
38135950
38136568
38137300
38143348
38246226
38906159
38986269
39263512
39508010
39633726
39786784
39797418
39800681
39806126
39931654
39934491
40665067
40677811
40679699
40756267
40803280
40818175
40835341
40842010
40854796
40856464
40858445
40862541
41077843
41077847
41097011
41112598
41116522
41122465
41123840
41134510
41140630
41162163
41196590
41198153
41236014
41304603
41304604
41305252
41307689
41323736
41344216
41344408
41499892
41516340
41519257
41593694
41593915
41619107
41620797
41623007
41623090
41661508
41705676
41705933
41730045
41739509
41785301
41788579
41807288
41807310
41822800
41895651
41938176
41966114
42019144
42039639
42059094
42068130
42069422
42070451
42072537
