19041572
19053536
19056207
19056210
19059676
19073606
19073763
19073983
19074656
19074736
19076050
19076091
19076097
19076502
19076685
19081915
19088508
19089940
19102478
19120135
19121693
19122005
19122006
19122292
19154641
19164690
19164723
19192322
19226880
19279177
19283533
19303092
19313407
19346197
19354574
19395562
19428947
19430360
19441998
19500901
19510197
19512215
19546906
19557970
19600137
19630965
19642808
19675681
19678673
19680573
19695497
19708903
19708907
19709069
19716810
19718899
19733454
19748299
19748315
19761636
19773853
19787732
19788580
19806440
19859913
19891330
19897475
19928374
19928406
19931841
20000276
20000282
20009251
20014607
20050807
20051494
20051798
20053165
20054544
20068232
20095881
20096045
20096047
20123780
20134074
20136036
20136063
20136707
20147084
20161426
20175599
20185020
20185144
20185302
20185328
20201354
20221655
20229928
20247651
20250313
20252458
20297673
20300958
20301292
20304196
20304198
20314957
20318594
20320344
20320419
20344667
20347477
20410944
20413335
20414164
20414414
20443158
20475100
20525569
20529675
20687083
20713750
20722346
20744840
20785356
20785392
20786209
20789693
20789801
20789875
20789897
20790398
20791160
20830388
20839693
20848467
21080875
21098199
21294773
21429408
21430669
21444128
21449656
21449883
21450385
21453637
21461524
21466797
21469908
21471059
21475316
21541904
21595055
21618832
21628301
21696926
21734230
21773847
21793906
21818599
21897929
21978986
22057950
22088446
22108731
22188409
22203733
22206425
22209028
22219701
22257522
22261646
22276262
22276276
22292829
22293586
22293627
22293683
22293684
22294679
22312989
22313000
22313024
22385665
22738212
22866119
22866571
22919684
22924518
22924520
22941194
22942292
22945861
22946578
22946606
22948653
22950446
22985791
23068941
23072690
23160832
23162089
23168078
23168254
23168258
23170542
23170605
23170622
23174492
23181995
23187985
23204059
23222571
23248539
23308853
23324343
23342730
23354421
23366786
23427644
23445468
23455044
23456111
23549539
23657633
23675792
23678193
23725576
23726725
23761051
23798430
23867863
23997303
24046055
24057482
24173177
24209686
24273901
24346823
24352369
24353184
24361160
24404091
24404180
24428390
24439238
24464134
24473402
24482453
24515932
24516400
24516401
24520143
24523993
24535885
24540615
24544647
24544657
24574829
24574834
24574838
24578547
24629593
24638126
24640954
24692714
24750302
24758778
24771588
24792625
24819958
24859207
25033805
25052588
25091537
25107397
25107398
25107416
25108615
25130459
25259589
25423714
25423784
25424046
25456112
25464269
25520570
25542367
25559972
25562481
25566401
25575980
25581009
25708219
25718301
25719127
25737080
25741671
25790826
25856474
25860400
25876512
25890942
25890945
25890947
25897207
25903671
25911312
25911315
25924943
25945146
25945188
25961467
25962183
25964441
25964666
25964790
25965182
25967231
25982702
25984234
25984350
26008997
26178750
26193996
26194005
26228513
26229650
26229905
26248614
26254834
26259109
26259123
26371581
26380901
26414602
26427790
26446866
26458861
26472378
26658466
26660389
26694130
26743467
26746643
26746644
26746649
26746735
26746778
