27007651
27225808
27250183
27254753
27280531
27280581
27280752
27281084
27282099
27282330
27283425
27725280
27740327
27740592
28017129
28017133
28104728
28104970
28113792
28121178
28122009
28171113
28434972
28468246
28484341
28484350
28776715
28805094
28814945
29026558
29084286
29087279
29134005
29175698
29194375
29268921
29269103
29269324
29269352
29322912
29393543
29393579
29393593
29409159
29415920
29417833
29517224
29517240
29519609
29787632
30355430
30386671
30392408
30523061
31231129
31431356
31463934
