31523562
31610485
31614850
31614874
31615285
31616748
31629231
31629262
31639025
31653553
31684997
32860895
32862480
32882145
33993155
35034708
35093874
35094016
35095675
35095821
35095993
35097594
35098106
35098247
35098298
35098532
35098795
35102397
35109422
35680047
35715586
35715596
35716380
35716630
35718113
35718615
35718894
35729889
35768318
35769869
35812652
35926470
35926622
35927871
35931331
36194326
36195407
36196095
36196296
36200109
36201603
36207148
36219896
36219925
36220196
36220209
36220633
36221088
36222995
36225222
36235006
36235759
36275039
36275710
36275729
36275752
36280260
36280542
36281224
36317242
36451715
36460867
36460940
36462391
36462456
36463427
36463593
36467028
36571526
36593441
36637286
36656217
36675489
36676536
36682047
36682204
36682492
36682513
36682566
36684127
36716395
36716481
36717184
36717266
36717274
36717402
36717438
36717441
36718158
36718492
36719706
36720512
36721258
36916171
36926852
36926889
36928881
36928948
36948912
36957796
36993412
37347155
37348929
37350350
37350654
37351250
37686680
37697668
37894422
38275741
38612980
38812337
38812537
38812664
38813556
38813559
39528753
39588534
39799497
39968896
39971868
39981770
41349565
41451632
42164430
42168396
42204119
42220746
42225360
42230996
42235046
42252030
42253040
42278696
42289566
42299927
42373269
