3264090
3264102
3264504
3264955
3265032
3265382
3265629
3265668
3267404
3267929
3268001
3268739
3269237
3270801
3274227
3274229
3274806
3275342
3275588
3276108
3276813
3277024
3277356
3277374
3278069
3278288
3278637
3280216
3280413
3281412
3282767
3283741
3283744
3288528
3288561
3299675
3300002
3300788
3301197
3301739
3302459
3302603
3302698
3303615
3303715
3304231
3304469
3306289
3306290
3307638
3308920
3325788
3341654
10916292
11234277
11234287
11234497
13585215
13598254
15555216
15556093
15705549
15706857
15708973
15710203
15711499
15711596
15712475
15712693
15712957
15713100
15714321
15716132
15716428
15718542
15719084
15720433
15732334
15732338
15740463
15740657
15740931
15740978
15741314
15742834
15743161
15743203
15743636
15745595
15746439
15747295
15747386
15747519
15747695
15748347
15748971
15749248
15749285
15750449
