31516240
31516340
31516795
31517127
31517528
31517733
31517858
31518159
31518839
31523460
31553046
31557927
31558044
31558111
31558469
31560220
31560735
31563611
31567669
31568447
31694267
31703855
31705832
31706650
31710083
31710302
31710303
31710305
31710369
31710915
31711195
31713353
31715733
31719403
31756006
31757751
31761812
31761967
31762081
31881417
31903706
31914348
31936521
31936715
31937094
31941065
31942143
32021333
32021855
32022565
32022571
32023835
32024114
32035375
32036381
32069754
32069796
32085587
32186487
32186515
32187926
32259877
32334045
32345688
32389180
32389955
32391064
32391115
32454642
32455088
32455416
32455477
32456078
32456084
32456100
32457600
32578054
32667533
32683852
32783950
32837417
32864046
32867333
32868032
32874840
32875403
32875417
32969453
32970067
32970693
32970938
32992157
33219359
33244517
33263900
33265687
33265726
33266311
33318408
33322045
33340915
33430169
33430227
33432734
33432741
33530545
33530587
33531272
33531440
33531465
33531510
33531524
33605881
33613826
33640613
33697365
33776367
33834025
34072431
34123399
34123484
34124219
34124287
34125748
34128662
34132663
34138577
34138591
34142017
34147633
34175319
34332338
34343157
34343989
34347394
34350693
34352080
34358302
34397401
34420116
34420126
34422482
34424106
34429402
34432021
34432086
34433444
34434289
34451733
34697268
34702912
34702931
34739085
34739416
34739767
34740162
34740307
34741288
34870982
34888110
34907054
35236293
35271668
35297836
35305761
35355667
35355964
35373216
35373702
35373966
35404397
35408302
35488437
35488795
35489077
35496370
35498331
